Sample	Sense	Antisense	Undetermined
Mia_0	7.829999999999999	37.1	55.06999999999999
Mia_1	7.8	24.5	67.7
Mia_2	9.93	32.5	57.57
Mia_3	9.74	30.81	59.45
Mia_4	8.16	17.1	74.74
Mia_5	9.950000000000001	14.21	75.84
Mia_6	10.100000000000001	9.92	79.99000000000001
Muc_1	18.5	30.18	51.32
Muc_10	17.61	25.319999999999997	57.06
Muc_11	16.85	24.19	58.96
Muc_12	17.330000000000002	27.52	55.15
Muc_13	10.5	73.3	16.2
Muc_14	10.38	72.44	17.18
Muc_15	10.15	72.63	17.22
Muc_16	9.93	73.38	16.689999999999998
Muc_17	10.17	75.52	14.31
Muc_18	9.76	74.91	15.329999999999998
Muc_19	9.92	74.61	15.47
Muc_2	19.28	25.130000000000003	55.589999999999996
Muc_20	10.89	73.37	15.740000000000002
Muc_21	7.7299999999999995	78.84	13.420000000000002
Muc_22	8.33	78.4	13.28
Muc_23	8.85	76.88000000000001	14.27
Muc_24	8.19	78.3	13.51
Muc_3	19.59	28.73	51.68000000000001
Muc_4	19.75	29.189999999999998	51.05
Muc_5	18.9	30.39	50.71
Muc_6	20.330000000000002	31.75	47.92
Muc_7	17.09	31.65	51.27
Muc_8	17.19	32.93	49.88
Muc_9	16.939999999999998	23.93	59.13
SG_5	0.0	100.0	0.0
SRX1357231	0.0	100.0	0.0
SRX1357235	33.33	50.0	16.669999999999998
SRX1357236	50.0	25.0	25.0
SRX1357239	0.0	60.0	40.0
SRX1357240	20.0	20.0	60.0
SRX1357243	66.67	33.33	0.0
SRX1357244	0.0	66.67	33.33
SRX1549383	19.55	41.22	39.23
SRX1549384	19.17	37.85	42.980000000000004
SRX1983453	0.0	66.67	33.33
SRX2722002	3.2300000000000004	36.24	60.540000000000006
SRX2722003	2.83	32.300000000000004	64.87
SRX2722004	3.17	22.66	74.17
SRX2722005	1.76	5.13	93.11
SRX2722006	1.8900000000000001	6.02	92.09
SRX2722007	2.62	7.62	89.77000000000001
SRX2722008	4.3999999999999995	11.65	83.96000000000001
SRX2722009	3.0	12.47	84.53
SRX2722010	10.6	34.17	55.24
SRX2722011	10.290000000000001	26.14	63.57000000000001
SRX2722012	9.65	30.459999999999997	59.9
SRX2722013	7.580000000000001	12.139999999999999	80.28
SRX2722014	5.81	11.17	83.02000000000001
SRX2722015	7.180000000000001	12.120000000000001	80.69
SRX2722016	4.81	9.45	85.72999999999999
SRX2722017	5.609999999999999	12.27	82.12
SRX2722018	5.07	12.02	82.92
SRX3489448	18.67	23.580000000000002	57.75
SRX3489449	18.25	22.68	59.07
SRX3489450	20.9	21.98	57.11000000000001
SRX3489451	26.46	19.17	54.37
SRX3489452	24.5	18.279999999999998	57.220000000000006
SRX3489453	25.629999999999995	15.290000000000001	59.08
SRX4065827	9.56	27.66	62.78
SRX4065829	8.33	26.400000000000002	65.27
SRX4065834	6.4399999999999995	23.35	70.21
SRX4065836	8.94	30.049999999999997	61.0
SRX4065848	9.89	13.05	77.06
SRX4913542	32.16	21.29	46.550000000000004
SRX4913543	19.64	13.43	66.94
SRX5014557	8.690000000000001	30.69	60.61
SRX5014562	21.36	22.770000000000003	55.87
SRX5014564	16.150000000000002	25.040000000000003	58.8
SRX5014568	18.13	26.419999999999998	55.45
SRX5014569	8.28	27.37	64.35
SRX5014570	19.38	29.04	51.580000000000005
SRX5014574	9.33	26.919999999999998	63.74999999999999
SRX5014577	6.04	23.24	70.72
SRX5014579	8.870000000000001	12.7	78.42
SRX5014581	19.5	32.18	48.32
SRX5014583	19.38	23.07	57.56
SRX5014587	15.340000000000002	35.54	49.120000000000005
SRX5014588	16.11	33.47	50.41
SRX502154	34.27	34.56	31.169999999999998
SRX502155	26.31	26.650000000000002	47.04
SRX502158	37.8	40.9	21.29
SRX5233212	53.480000000000004	23.3	23.22
SRX5233213	78.69	9.06	12.26
SRX5233214	84.66	3.2399999999999998	12.09
SRX5233215	66.67	0.0	33.33
SRX5233216	100.0	0.0	0.0
SRX5233217	0.0	50.0	50.0
SRX5299657	16.580000000000002	24.48	58.95
SRX5299658	17.14	23.97	58.9
SRX5299659	15.86	27.27	56.87
SRX5299660	7.249999999999999	21.66	71.08
SRX5299661	9.54	26.33	64.13
SRX5299662	7.75	24.560000000000002	67.69
SRX5299663	10.71	24.83	64.47
SRX5299664	11.790000000000001	28.000000000000004	60.199999999999996
SRX5299665	11.690000000000001	27.66	60.650000000000006
SRX5505131	17.22	29.28	53.510000000000005
SRX5505132	15.49	37.2	47.31
SRX5505133	7.59	33.17	59.24
SRX5505134	9.53	36.34	54.13
SRX5505135	11.09	39.300000000000004	49.62
SRX5505136	11.65	58.03	30.320000000000004
SRX5505137	7.7	34.53	57.769999999999996
SRX5505138	10.24	32.879999999999995	56.879999999999995
SRX5505139	11.52	41.33	47.14
SRX5505140	12.83	55.75	31.419999999999998
SRX5505141	16.17	35.260000000000005	48.57
SRX5505142	14.729999999999999	44.519999999999996	40.75
SRX5505143	13.750000000000002	45.050000000000004	41.19
SRX5505144	17.26	30.680000000000003	52.059999999999995
SRX5797722	20.52	22.03	57.45
SRX5797723	20.349999999999998	23.54	56.11000000000001
SRX5797724	20.549999999999997	21.560000000000002	57.89
SRX5797725	16.73	32.9	50.370000000000005
SRX5797726	16.88	31.630000000000003	51.49
SRX5797727	15.52	32.49	51.99
SRX5806783	19.950000000000003	18.84	61.21
SRX5806784	21.86	16.79	61.35
SRX5806785	20.849999999999998	19.88	59.27
SRX5806786	15.559999999999999	35.49	48.94
SRX5806787	16.900000000000002	34.699999999999996	48.4
SRX5806788	15.47	36.720000000000006	47.81
SRX6877996	57.089999999999996	19.189999999999998	23.72
SRX6877997	61.870000000000005	18.78	19.35
SRX6877998	59.599999999999994	16.400000000000002	24.0
SRX6877999	43.96	29.82	26.22
SRX6878000	48.94	28.08	22.99
SRX6878001	56.52	7.249999999999999	36.230000000000004
SRX6878002	37.43	23.39	39.18
SRX6878003	79.71000000000001	5.510000000000001	14.78
SRX6878004	80.85	11.700000000000001	7.449999999999999
SRX6878005	58.97	17.09	23.93
SRX6878006	67.11	17.11	15.790000000000001
SRX6878007	66.41	17.19	16.41
SRX6878008	43.72	20.45	35.83
SRX6878009	74.00999999999999	13.120000000000001	12.870000000000001
SRX6878010	82.63000000000001	8.68	8.68
SRX6878011	37.56	22.770000000000003	39.660000000000004
SRX6878012	34.11	24.16	41.730000000000004
SRX6878013	85.04	8.51	6.45
SRX6878014	85.22	7.75	7.03
SRX6878015	84.52	9.180000000000001	6.3
SRX6878016	85.96000000000001	7.140000000000001	6.9
SRX6878017	34.72	31.65	33.629999999999995
SRX6878018	31.630000000000003	27.82	40.550000000000004
SRX6878019	38.41	17.77	43.82
SRX6878020	38.42	40.18	21.4
SRX6878021	40.72	36.980000000000004	22.3
SRX6878022	38.940000000000005	40.699999999999996	20.36
SRX6878023	43.419999999999995	17.82	38.76
SRX6878024	48.949999999999996	10.01	41.03
SRX6878025	42.33	11.93	45.739999999999995
SRX6878026	50.96000000000001	9.75	39.290000000000006
SRX6878027	44.5	4.25	51.24999999999999
SRX6878028	51.06	21.89	27.05
SRX7125364	4.37	11.57	84.06
SRX7125365	4.590000000000001	11.959999999999999	83.45
SRX7125366	13.61	23.599999999999998	62.79
SRX7125367	16.259999999999998	19.689999999999998	64.05
SRX7125368	4.44	11.600000000000001	83.96000000000001
SRX7125369	20.200000000000003	37.34	42.46
SRX7125370	19.900000000000002	42.86	37.24
SRX7125371	19.91	35.85	44.25
SRX7125372	12.370000000000001	17.43	70.19999999999999
SRX7125373	12.67	31.879999999999995	55.46
SRX7125374	16.35	28.849999999999998	54.800000000000004
SRX7125375	18.88	29.93	51.2
SRX8049165	60.0	20.0	20.0
SRX8049168	60.0	0.0	40.0
SRX8164260	14.469999999999999	43.919999999999995	41.620000000000005
SRX8164261	12.46	46.48	41.07
SRX8164262	7.88	63.39	28.720000000000002
SRX8164263	8.27	62.029999999999994	29.7
SRX8164264	13.91	53.300000000000004	32.78
SRX8164265	12.17	54.09	33.739999999999995
SRX8164266	10.4	65.97	23.630000000000003
SRX8164267	9.8	61.77	28.43
SRX8164268	6.4399999999999995	73.89	19.67
SRX8164269	7.42	71.88	20.7
SRX8164270	11.09	66.23	22.68
SRX8164271	11.18	69.13	19.689999999999998
SRX8164272	10.870000000000001	28.12	61.01
SRX8164273	10.47	27.6	61.92999999999999
SRX8164274	8.4	57.46	34.14
SRX8164275	8.260000000000002	56.8	34.94
SRX8164276	11.41	38.66	49.93
SRX8164277	12.44	30.009999999999998	57.550000000000004
SRX8164278	9.790000000000001	62.03999999999999	28.17
SRX8164279	12.1	43.93	43.980000000000004
SRX8164280	6.8500000000000005	68.37	24.779999999999998
SRX8164281	6.22	70.85000000000001	22.919999999999998
SRX8164282	8.08	62.83	29.09
SRX8164283	8.18	62.28	29.54
SRX8164284	18.2	34.9	46.9
SRX8164285	19.56	35.839999999999996	44.6
SRX8164286	14.26	27.839999999999996	57.89
SRX8164287	14.05	28.46	57.489999999999995
SRX8164288	8.81	62.71	28.48
SRX8164289	9.950000000000001	59.13	30.919999999999998
SRX8164290	13.38	26.21	60.41
SRX8164291	13.889999999999999	25.72	60.39
SRX8164292	14.16	34.18	51.66
SRX8164293	12.8	36.66	50.529999999999994
SRX8164294	13.71	33.17	53.12
SRX8164295	13.170000000000002	30.2	56.64
SRX8164296	12.82	59.589999999999996	27.589999999999996
SRX8164297	13.200000000000001	59.96	26.85
SRX8164298	9.67	68.0	22.33
SRX8164299	9.94	65.11	24.95
SRX8164300	6.370000000000001	68.56	25.069999999999997
SRX8164301	7.04	69.93	23.03
SRX8164302	8.99	38.690000000000005	52.32
SRX8164303	10.27	40.63	49.1
SRX8164304	7.720000000000001	70.17	22.11
SRX8164305	7.960000000000001	67.30000000000001	24.740000000000002
SRX8164306	7.049999999999999	66.29	26.66
SRX8164307	6.63	72.71	20.66
SRX8387559	16.39	14.82	68.8
SRX8387560	16.619999999999997	14.21	69.17999999999999
SRX8387561	10.96	21.86	67.17999999999999
SRX8387562	9.790000000000001	19.3	70.91
SRX8387563	9.29	24.759999999999998	65.95
SRX8387564	11.29	26.61	62.09
SRX8387565	15.89	36.41	47.699999999999996
SRX8387566	17.32	34.47	48.209999999999994
SRX8387567	8.559999999999999	38.74	52.7
SRX8387568	8.89	38.04	53.059999999999995
SRX8387571	19.57	16.900000000000002	63.53
SRX8387574	7.01	56.96	36.02
SRX8387575	17.36	40.79	41.839999999999996
SRX8387576	6.92	55.67999999999999	37.4
SRX8387577	17.09	43.269999999999996	39.64
SRX8387582	20.19	16.650000000000002	63.17
SRX8387589	16.61	20.45	62.94
SRX8387590	18.029999999999998	18.18	63.78
SRX8387591	24.36	20.62	55.02
SRX8387592	21.63	22.62	55.75
SRX8387593	13.3	27.689999999999998	59.01
SRX8387594	13.780000000000001	28.24	57.98
SRX8420202	10.92	8.34	80.74
SRX8420203	9.59	5.45	84.96000000000001
SRX8420204	8.89	4.04	87.06
SRX8420205	8.450000000000001	4.02	87.53
SRX8420206	10.08	5.41	84.50999999999999
SRX8420207	10.290000000000001	4.47	85.22999999999999
SRX8420208	9.17	3.18	87.64999999999999
SRX8420209	9.229999999999999	4.859999999999999	85.91
SRX9633794	24.03	29.360000000000003	46.61
SRX9633795	23.24	32.65	44.11
SRX9633796	20.27	30.2	49.53
SRX9633797	14.89	38.81	46.300000000000004
SRX9633798	17.57	37.66	44.769999999999996
SRX9633799	14.6	37.63	47.77
SRX9633800	13.76	40.849999999999994	45.39
SRX9633801	14.77	38.72	46.51
SRX9633802	14.17	40.25	45.57
SRX9682649	17.78	25.56	56.65
SRX9682654	26.640000000000004	20.09	53.269999999999996
SRX9682659	28.57	24.36	47.06
SRX9682664	27.700000000000003	16.86	55.45
SRX9682669	29.799999999999997	24.01	46.19
SRX9682674	25.47	27.439999999999998	47.089999999999996
SRX9699053	60.589999999999996	34.13	5.28
SRX9699054	62.27	31.169999999999998	6.5600000000000005
SRX9699055	68.87	25.4	5.7299999999999995
SRX9699056	73.52	20.62	5.86
SRX973265	68.45	12.33	19.23
SRX973266	63.449999999999996	3.0	33.54
SRX973267	65.45	16.09	18.459999999999997
SRX973268	50.0	0.0	50.0
SRX9960951	33.660000000000004	16.06	50.27
SRX9960952	26.76	15.939999999999998	57.29
SRX9960953	38.190000000000005	16.520000000000003	45.29
SRX9960954	26.400000000000002	15.65	57.95
SRX9960955	33.489999999999995	18.82	47.69
SRX9960956	31.580000000000002	16.33	52.09
SRX9960957	36.58	15.14	48.28
SRX9960958	32.940000000000005	15.65	51.41
SRX9960959	23.57	17.5	58.940000000000005
SRX9960960	24.19	15.82	59.99
SRX9960961	25.45	19.12	55.43
SRX9960962	23.39	16.009999999999998	60.589999999999996
SRX9960963	19.91	19.189999999999998	60.9
SRX9960964	29.92	19.85	50.23
SRX9960965	30.599999999999998	17.37	52.04
SRX9960966	30.630000000000003	16.11	53.26
