Sample	pe_sense	pe_antisense	failed	se_sense	se_antisense
Mia_0	0.0783	0.371	0.5507		
Mia_1	0.078	0.245	0.677		
Mia_2	0.0993	0.325	0.5757		
Mia_3	0.0974	0.3081	0.5945		
Mia_4	0.0816	0.171	0.7474		
Mia_5	0.0995	0.1421	0.7584		
Mia_6	0.101	0.0992	0.7999		
Muc_1			0.5132	0.185	0.3018
Muc_10			0.5706	0.1761	0.2532
Muc_11			0.5896	0.1685	0.2419
Muc_12			0.5515	0.1733	0.2752
Muc_13			0.162	0.105	0.733
Muc_14			0.1718	0.1038	0.7244
Muc_15			0.1722	0.1015	0.7263
Muc_16			0.1669	0.0993	0.7338
Muc_17			0.1431	0.1017	0.7552
Muc_18			0.1533	0.0976	0.7491
Muc_19			0.1547	0.0992	0.7461
Muc_2			0.5559	0.1928	0.2513
Muc_20			0.1574	0.1089	0.7337
Muc_21			0.1342	0.0773	0.7884
Muc_22			0.1328	0.0833	0.784
Muc_23			0.1427	0.0885	0.7688
Muc_24			0.1351	0.0819	0.783
Muc_3			0.5168	0.1959	0.2873
Muc_4			0.5105	0.1975	0.2919
Muc_5			0.5071	0.189	0.3039
Muc_6			0.4792	0.2033	0.3175
Muc_7			0.5127	0.1709	0.3165
Muc_8			0.4988	0.1719	0.3293
Muc_9			0.5913	0.1694	0.2393
SG_5	0.0	1.0	0.0		
SRX1357231			0.0	0.0	1.0
SRX1357235			0.1667	0.3333	0.5
SRX1357236			0.25	0.5	0.25
SRX1357239			0.4	0.0	0.6
SRX1357240			0.6	0.2	0.2
SRX1357243			0.0	0.6667	0.3333
SRX1357244			0.3333	0.0	0.6667
SRX1549383			0.3923	0.1955	0.4122
SRX1549384			0.4298	0.1917	0.3785
SRX1983453			0.3333	0.0	0.6667
SRX2722002	0.0323	0.3624	0.6054		
SRX2722003	0.0283	0.323	0.6487		
SRX2722004	0.0317	0.2266	0.7417		
SRX2722005	0.0176	0.0513	0.9311		
SRX2722006	0.0189	0.0602	0.9209		
SRX2722007	0.0262	0.0762	0.8977		
SRX2722008	0.044	0.1165	0.8396		
SRX2722009	0.03	0.1247	0.8453		
SRX2722010	0.106	0.3417	0.5524		
SRX2722011	0.1029	0.2614	0.6357		
SRX2722012	0.0965	0.3046	0.599		
SRX2722013	0.0758	0.1214	0.8028		
SRX2722014	0.0581	0.1117	0.8302		
SRX2722015	0.0718	0.1212	0.8069		
SRX2722016	0.0481	0.0945	0.8573		
SRX2722017	0.0561	0.1227	0.8212		
SRX2722018	0.0507	0.1202	0.8292		
SRX3489448	0.1867	0.2358	0.5775		
SRX3489449	0.1825	0.2268	0.5907		
SRX3489450	0.209	0.2198	0.5711		
SRX3489451	0.2646	0.1917	0.5437		
SRX3489452	0.245	0.1828	0.5722		
SRX3489453	0.2563	0.1529	0.5908		
SRX4065827	0.0956	0.2766	0.6278		
SRX4065829	0.0833	0.264	0.6527		
SRX4065834	0.0644	0.2335	0.7021		
SRX4065836	0.0894	0.3005	0.61		
SRX4065848	0.0989	0.1305	0.7706		
SRX4913542			0.4655	0.3216	0.2129
SRX4913543			0.6694	0.1964	0.1343
SRX5014557	0.0869	0.3069	0.6061		
SRX5014562	0.2136	0.2277	0.5587		
SRX5014564	0.1615	0.2504	0.588		
SRX5014568	0.1813	0.2642	0.5545		
SRX5014569	0.0828	0.2737	0.6435		
SRX5014570	0.1938	0.2904	0.5158		
SRX5014574	0.0933	0.2692	0.6375		
SRX5014577	0.0604	0.2324	0.7072		
SRX5014579	0.0887	0.127	0.7842		
SRX5014581	0.195	0.3218	0.4832		
SRX5014583	0.1938	0.2307	0.5756		
SRX5014587	0.1534	0.3554	0.4912		
SRX5014588	0.1611	0.3347	0.5041		
SRX502154			0.3117	0.3427	0.3456
SRX502155			0.4704	0.2631	0.2665
SRX502158			0.2129	0.378	0.409
SRX5233212			0.2322	0.5348	0.233
SRX5233213			0.1226	0.7869	0.0906
SRX5233214			0.1209	0.8466	0.0324
SRX5233215			0.3333	0.6667	0.0
SRX5233216			0.0	1.0	0.0
SRX5233217			0.5	0.0	0.5
SRX5299657	0.1658	0.2448	0.5895		
SRX5299658	0.1714	0.2397	0.589		
SRX5299659	0.1586	0.2727	0.5687		
SRX5299660	0.0725	0.2166	0.7108		
SRX5299661	0.0954	0.2633	0.6413		
SRX5299662	0.0775	0.2456	0.6769		
SRX5299663	0.1071	0.2483	0.6447		
SRX5299664	0.1179	0.28	0.602		
SRX5299665	0.1169	0.2766	0.6065		
SRX5505131	0.1722	0.2928	0.5351		
SRX5505132	0.1549	0.372	0.4731		
SRX5505133	0.0759	0.3317	0.5924		
SRX5505134	0.0953	0.3634	0.5413		
SRX5505135	0.1109	0.393	0.4962		
SRX5505136	0.1165	0.5803	0.3032		
SRX5505137	0.077	0.3453	0.5777		
SRX5505138	0.1024	0.3288	0.5688		
SRX5505139	0.1152	0.4133	0.4714		
SRX5505140	0.1283	0.5575	0.3142		
SRX5505141	0.1617	0.3526	0.4857		
SRX5505142	0.1473	0.4452	0.4075		
SRX5505143	0.1375	0.4505	0.4119		
SRX5505144	0.1726	0.3068	0.5206		
SRX5797722	0.2052	0.2203	0.5745		
SRX5797723	0.2035	0.2354	0.5611		
SRX5797724	0.2055	0.2156	0.5789		
SRX5797725	0.1673	0.329	0.5037		
SRX5797726	0.1688	0.3163	0.5149		
SRX5797727	0.1552	0.3249	0.5199		
SRX5806783	0.1995	0.1884	0.6121		
SRX5806784	0.2186	0.1679	0.6135		
SRX5806785	0.2085	0.1988	0.5927		
SRX5806786	0.1556	0.3549	0.4894		
SRX5806787	0.169	0.347	0.484		
SRX5806788	0.1547	0.3672	0.4781		
SRX6877996			0.2372	0.5709	0.1919
SRX6877997			0.1935	0.6187	0.1878
SRX6877998			0.24	0.596	0.164
SRX6877999			0.2622	0.4396	0.2982
SRX6878000			0.2299	0.4894	0.2808
SRX6878001			0.3623	0.5652	0.0725
SRX6878002			0.3918	0.3743	0.2339
SRX6878003			0.1478	0.7971	0.0551
SRX6878004			0.0745	0.8085	0.117
SRX6878005			0.2393	0.5897	0.1709
SRX6878006			0.1579	0.6711	0.1711
SRX6878007			0.1641	0.6641	0.1719
SRX6878008			0.3583	0.4372	0.2045
SRX6878009			0.1287	0.7401	0.1312
SRX6878010			0.0868	0.8263	0.0868
SRX6878011			0.3966	0.3756	0.2277
SRX6878012			0.4173	0.3411	0.2416
SRX6878013			0.0645	0.8504	0.0851
SRX6878014			0.0703	0.8522	0.0775
SRX6878015			0.063	0.8452	0.0918
SRX6878016			0.069	0.8596	0.0714
SRX6878017			0.3363	0.3472	0.3165
SRX6878018			0.4055	0.3163	0.2782
SRX6878019			0.4382	0.3841	0.1777
SRX6878020			0.214	0.3842	0.4018
SRX6878021			0.223	0.4072	0.3698
SRX6878022			0.2036	0.3894	0.407
SRX6878023			0.3876	0.4342	0.1782
SRX6878024			0.4103	0.4895	0.1001
SRX6878025			0.4574	0.4233	0.1193
SRX6878026			0.3929	0.5096	0.0975
SRX6878027			0.5125	0.445	0.0425
SRX6878028			0.2705	0.5106	0.2189
SRX7125364			0.8406	0.0437	0.1157
SRX7125365			0.8345	0.0459	0.1196
SRX7125366			0.6279	0.1361	0.236
SRX7125367			0.6405	0.1626	0.1969
SRX7125368			0.8396	0.0444	0.116
SRX7125369			0.4246	0.202	0.3734
SRX7125370			0.3724	0.199	0.4286
SRX7125371			0.4425	0.1991	0.3585
SRX7125372			0.702	0.1237	0.1743
SRX7125373			0.5546	0.1267	0.3188
SRX7125374			0.548	0.1635	0.2885
SRX7125375			0.512	0.1888	0.2993
SRX8049165			0.2	0.6	0.2
SRX8049168			0.4	0.6	0.0
SRX8164260	0.1447	0.4392	0.4162		
SRX8164261	0.1246	0.4648	0.4107		
SRX8164262	0.0788	0.6339	0.2872		
SRX8164263	0.0827	0.6203	0.297		
SRX8164264	0.1391	0.533	0.3278		
SRX8164265	0.1217	0.5409	0.3374		
SRX8164266	0.104	0.6597	0.2363		
SRX8164267	0.098	0.6177	0.2843		
SRX8164268	0.0644	0.7389	0.1967		
SRX8164269	0.0742	0.7188	0.207		
SRX8164270	0.1109	0.6623	0.2268		
SRX8164271	0.1118	0.6913	0.1969		
SRX8164272	0.1087	0.2812	0.6101		
SRX8164273	0.1047	0.276	0.6193		
SRX8164274	0.084	0.5746	0.3414		
SRX8164275	0.0826	0.568	0.3494		
SRX8164276	0.1141	0.3866	0.4993		
SRX8164277	0.1244	0.3001	0.5755		
SRX8164278	0.0979	0.6204	0.2817		
SRX8164279	0.121	0.4393	0.4398		
SRX8164280	0.0685	0.6837	0.2478		
SRX8164281	0.0622	0.7085	0.2292		
SRX8164282	0.0808	0.6283	0.2909		
SRX8164283	0.0818	0.6228	0.2954		
SRX8164284	0.182	0.349	0.469		
SRX8164285	0.1956	0.3584	0.446		
SRX8164286	0.1426	0.2784	0.5789		
SRX8164287	0.1405	0.2846	0.5749		
SRX8164288	0.0881	0.6271	0.2848		
SRX8164289	0.0995	0.5913	0.3092		
SRX8164290	0.1338	0.2621	0.6041		
SRX8164291	0.1389	0.2572	0.6039		
SRX8164292	0.1416	0.3418	0.5166		
SRX8164293	0.128	0.3666	0.5053		
SRX8164294	0.1371	0.3317	0.5312		
SRX8164295	0.1317	0.302	0.5664		
SRX8164296	0.1282	0.5959	0.2759		
SRX8164297	0.132	0.5996	0.2685		
SRX8164298	0.0967	0.68	0.2233		
SRX8164299	0.0994	0.6511	0.2495		
SRX8164300	0.0637	0.6856	0.2507		
SRX8164301	0.0704	0.6993	0.2303		
SRX8164302	0.0899	0.3869	0.5232		
SRX8164303	0.1027	0.4063	0.491		
SRX8164304	0.0772	0.7017	0.2211		
SRX8164305	0.0796	0.673	0.2474		
SRX8164306	0.0705	0.6629	0.2666		
SRX8164307	0.0663	0.7271	0.2066		
SRX8387559	0.1639	0.1482	0.688		
SRX8387560	0.1662	0.1421	0.6918		
SRX8387561	0.1096	0.2186	0.6718		
SRX8387562	0.0979	0.193	0.7091		
SRX8387563	0.0929	0.2476	0.6595		
SRX8387564	0.1129	0.2661	0.6209		
SRX8387565	0.1589	0.3641	0.477		
SRX8387566	0.1732	0.3447	0.4821		
SRX8387567	0.0856	0.3874	0.527		
SRX8387568	0.0889	0.3804	0.5306		
SRX8387571	0.1957	0.169	0.6353		
SRX8387574	0.0701	0.5696	0.3602		
SRX8387575	0.1736	0.4079	0.4184		
SRX8387576	0.0692	0.5568	0.374		
SRX8387577	0.1709	0.4327	0.3964		
SRX8387582	0.2019	0.1665	0.6317		
SRX8387589	0.1661	0.2045	0.6294		
SRX8387590	0.1803	0.1818	0.6378		
SRX8387591	0.2436	0.2062	0.5502		
SRX8387592	0.2163	0.2262	0.5575		
SRX8387593	0.133	0.2769	0.5901		
SRX8387594	0.1378	0.2824	0.5798		
SRX8420202	0.1092	0.0834	0.8074		
SRX8420203	0.0959	0.0545	0.8496		
SRX8420204	0.0889	0.0404	0.8706		
SRX8420205	0.0845	0.0402	0.8753		
SRX8420206	0.1008	0.0541	0.8451		
SRX8420207	0.1029	0.0447	0.8523		
SRX8420208	0.0917	0.0318	0.8765		
SRX8420209	0.0923	0.0486	0.8591		
SRX9633794	0.2403	0.2936	0.4661		
SRX9633795	0.2324	0.3265	0.4411		
SRX9633796	0.2027	0.302	0.4953		
SRX9633797	0.1489	0.3881	0.463		
SRX9633798	0.1757	0.3766	0.4477		
SRX9633799	0.146	0.3763	0.4777		
SRX9633800	0.1376	0.4085	0.4539		
SRX9633801	0.1477	0.3872	0.4651		
SRX9633802	0.1417	0.4025	0.4557		
SRX9682649	0.1778	0.2556	0.5665		
SRX9682654	0.2664	0.2009	0.5327		
SRX9682659	0.2857	0.2436	0.4706		
SRX9682664	0.277	0.1686	0.5545		
SRX9682669	0.298	0.2401	0.4619		
SRX9682674	0.2547	0.2744	0.4709		
SRX9699053	0.6059	0.3413	0.0528		
SRX9699054	0.6227	0.3117	0.0656		
SRX9699055	0.6887	0.254	0.0573		
SRX9699056	0.7352	0.2062	0.0586		
SRX973265			0.1923	0.6845	0.1233
SRX973266			0.3354	0.6345	0.03
SRX973267			0.1846	0.6545	0.1609
SRX973268			0.5	0.5	0.0
SRX9960951			0.5027	0.3366	0.1606
SRX9960952			0.5729	0.2676	0.1594
SRX9960953			0.4529	0.3819	0.1652
SRX9960954			0.5795	0.264	0.1565
SRX9960955			0.4769	0.3349	0.1882
SRX9960956			0.5209	0.3158	0.1633
SRX9960957			0.4828	0.3658	0.1514
SRX9960958			0.5141	0.3294	0.1565
SRX9960959			0.5894	0.2357	0.175
SRX9960960			0.5999	0.2419	0.1582
SRX9960961			0.5543	0.2545	0.1912
SRX9960962			0.6059	0.2339	0.1601
SRX9960963			0.609	0.1991	0.1919
SRX9960964			0.5023	0.2992	0.1985
SRX9960965			0.5204	0.306	0.1737
SRX9960966			0.5326	0.3063	0.1611
